# Exported from Wings 3D v1.5.3.2015-03-17---20-19.mlab
mtllib turnrebemp.mtl
o Cylinder1
#128 vertices, 252 faces
v 0.75000000 0.10000000 4.1542062e-18
v 0.74638854 0.10000000 7.3512855e-2
v 0.73558896 0.10000000 0.14631774
v 0.71770525 0.10000000 0.21771351
v 0.69290965 0.10000000 0.28701257
v 0.66144095 0.10000000 0.35354755
v 0.62360221 0.10000000 0.41667767
v 0.57975784 0.10000000 0.47579496
v 0.53033008 0.10000000 0.53033008
v 0.47579496 0.10000000 0.57975784
v 0.41667767 0.10000000 0.62360221
v 0.35354755 0.10000000 0.66144095
v 0.28701257 0.10000000 0.69290965
v 0.21771351 0.10000000 0.71770525
v 0.14631774 0.10000000 0.73558896
v 7.3512855e-2 0.10000000 0.74638854
v 4.9393702e-17 0.10000000 0.75000000
v -7.3512855e-2 0.10000000 0.74638854
v -0.14631774 0.10000000 0.73558896
v -0.21771351 0.10000000 0.71770525
v -0.28701257 0.10000000 0.69290965
v -0.35354755 0.10000000 0.66144095
v -0.41667767 0.10000000 0.62360221
v -0.47579496 0.10000000 0.57975784
v -0.53033008 0.10000000 0.53033008
v -0.57975784 0.10000000 0.47579496
v -0.62360221 0.10000000 0.41667767
v -0.66144095 0.10000000 0.35354755
v -0.69290965 0.10000000 0.28701257
v -0.71770525 0.10000000 0.21771351
v -0.73558896 0.10000000 0.14631774
v -0.74638854 0.10000000 7.3512855e-2
v -0.75000000 0.10000000 9.6002719e-17
v -0.74638854 0.10000000 -7.3512855e-2
v -0.73558896 0.10000000 -0.14631774
v -0.71770525 0.10000000 -0.21771351
v -0.69290965 0.10000000 -0.28701257
v -0.66144095 0.10000000 -0.35354755
v -0.62360221 0.10000000 -0.41667767
v -0.57975784 0.10000000 -0.47579496
v -0.53033008 0.10000000 -0.53033008
v -0.47579496 0.10000000 -0.57975784
v -0.41667767 0.10000000 -0.62360221
v -0.35354755 0.10000000 -0.66144095
v -0.28701257 0.10000000 -0.69290965
v -0.21771351 0.10000000 -0.71770525
v -0.14631774 0.10000000 -0.73558896
v -7.3512855e-2 0.10000000 -0.74638854
v -1.3430332e-16 0.10000000 -0.75000000
v 7.3512855e-2 0.10000000 -0.74638854
v 0.14631774 0.10000000 -0.73558896
v 0.21771351 0.10000000 -0.71770525
v 0.28701257 0.10000000 -0.69290965
v 0.35354755 0.10000000 -0.66144095
v 0.41667767 0.10000000 -0.62360221
v 0.47579496 0.10000000 -0.57975784
v 0.53033008 0.10000000 -0.53033008
v 0.57975784 0.10000000 -0.47579496
v 0.62360221 0.10000000 -0.41667767
v 0.66144095 0.10000000 -0.35354755
v 0.69290965 0.10000000 -0.28701257
v 0.71770525 0.10000000 -0.21771351
v 0.73558896 0.10000000 -0.14631774
v 0.74638854 0.10000000 -7.3512855e-2
v 0.75000000 -0.10000000 4.1542062e-18
v 0.74638854 -0.10000000 7.3512855e-2
v 0.73558896 -0.10000000 0.14631774
v 0.71770525 -0.10000000 0.21771351
v 0.69290965 -0.10000000 0.28701257
v 0.66144095 -0.10000000 0.35354755
v 0.62360221 -0.10000000 0.41667767
v 0.57975784 -0.10000000 0.47579496
v 0.53033008 -0.10000000 0.53033008
v 0.47579496 -0.10000000 0.57975784
v 0.41667767 -0.10000000 0.62360221
v 0.35354755 -0.10000000 0.66144095
v 0.28701257 -0.10000000 0.69290965
v 0.21771351 -0.10000000 0.71770525
v 0.14631774 -0.10000000 0.73558896
v 7.3512855e-2 -0.10000000 0.74638854
v 4.9393702e-17 -0.10000000 0.75000000
v -7.3512855e-2 -0.10000000 0.74638854
v -0.14631774 -0.10000000 0.73558896
v -0.21771351 -0.10000000 0.71770525
v -0.28701257 -0.10000000 0.69290965
v -0.35354755 -0.10000000 0.66144095
v -0.41667767 -0.10000000 0.62360221
v -0.47579496 -0.10000000 0.57975784
v -0.53033008 -0.10000000 0.53033008
v -0.57975784 -0.10000000 0.47579496
v -0.62360221 -0.10000000 0.41667767
v -0.66144095 -0.10000000 0.35354755
v -0.69290965 -0.10000000 0.28701257
v -0.71770525 -0.10000000 0.21771351
v -0.73558896 -0.10000000 0.14631774
v -0.74638854 -0.10000000 7.3512855e-2
v -0.75000000 -0.10000000 9.6002719e-17
v -0.74638854 -0.10000000 -7.3512855e-2
v -0.73558896 -0.10000000 -0.14631774
v -0.71770525 -0.10000000 -0.21771351
v -0.69290965 -0.10000000 -0.28701257
v -0.66144095 -0.10000000 -0.35354755
v -0.62360221 -0.10000000 -0.41667767
v -0.57975784 -0.10000000 -0.47579496
v -0.53033008 -0.10000000 -0.53033008
v -0.47579496 -0.10000000 -0.57975784
v -0.41667767 -0.10000000 -0.62360221
v -0.35354755 -0.10000000 -0.66144095
v -0.28701257 -0.10000000 -0.69290965
v -0.21771351 -0.10000000 -0.71770525
v -0.14631774 -0.10000000 -0.73558896
v -7.3512855e-2 -0.10000000 -0.74638854
v -1.3430332e-16 -0.10000000 -0.75000000
v 7.3512855e-2 -0.10000000 -0.74638854
v 0.14631774 -0.10000000 -0.73558896
v 0.21771351 -0.10000000 -0.71770525
v 0.28701257 -0.10000000 -0.69290965
v 0.35354755 -0.10000000 -0.66144095
v 0.41667767 -0.10000000 -0.62360221
v 0.47579496 -0.10000000 -0.57975784
v 0.53033008 -0.10000000 -0.53033008
v 0.57975784 -0.10000000 -0.47579496
v 0.62360221 -0.10000000 -0.41667767
v 0.66144095 -0.10000000 -0.35354755
v 0.69290965 -0.10000000 -0.28701257
v 0.71770525 -0.10000000 -0.21771351
v 0.73558896 -0.10000000 -0.14631774
v 0.74638854 -0.10000000 -7.3512855e-2
vt 8.1632823e-2 0.77801732
vt 8.2355259e-2 0.76331180
vt 8.2355259e-2 0.79272284
vt 8.4515609e-2 0.74874791
vt 8.4515609e-2 0.80728674
vt 8.8093068e-2 0.73446589
vt 8.8093068e-2 0.82156875
vt 9.3053183e-2 0.72060329
vt 9.3053183e-2 0.83543135
vt 9.9348185e-2 0.70729363
vt 9.9348185e-2 0.84874101
vt 0.10691745 0.69466508
vt 0.10691745 0.86136957
vt 0.11568808 0.68283924
vt 0.11568808 0.87319540
vt 0.12557562 0.67193003
vt 0.12557562 0.88410461
vt 0.13078740 0.21899970
vt 0.13150984 0.20429418
vt 0.13150984 0.23370522
vt 0.13367019 0.18973029
vt 0.13367019 0.24826912
vt 0.13648483 0.66204250
vt 0.13648483 0.89399214
vt 0.13724765 0.17544827
vt 0.13724765 0.26255114
vt 0.14220776 0.16158568
vt 0.14220776 0.27641373
vt 0.14831066 0.65327187
vt 0.14831066 0.90276278
vt 0.14850276 0.14827601
vt 0.14850276 0.28972339
vt 0.15607203 0.13564746
vt 0.15607203 0.30235195
vt 0.16093921 0.64570260
vt 0.16093921 0.91033204
vt 0.16484266 0.12382163
vt 0.16484266 0.31417778
vt 0.17424888 0.63940760
vt 0.17424888 0.91662704
vt 0.17473019 0.11291241
vt 0.17473019 0.32508699
vt 0.18563941 0.10302488
vt 0.18563941 0.33497452
vt 0.18811147 0.63444749
vt 0.18811147 0.92158716
vt 0.19746523 9.4254250e-2
vt 0.19746523 0.34374516
vt 0.20239349 0.63087003
vt 0.20239349 0.92516462
vt 0.21009379 8.6684984e-2
vt 0.21009379 0.35131442
vt 0.21695738 0.62870968
vt 0.21695738 0.92732497
vt 0.22340346 8.0389982e-2
vt 0.22340346 0.35760942
vt 0.23166290 0.62798724
vt 0.23166290 0.92804740
vt 0.23726605 7.5429867e-2
vt 0.23726605 0.36256954
vt 0.24636842 0.62870968
vt 0.24636842 0.92732497
vt 0.25154807 7.1852408e-2
vt 0.25154807 0.36614700
vt 0.26093232 0.63087003
vt 0.26093232 0.92516462
vt 0.26611196 6.9692058e-2
vt 0.26611196 0.36830735
vt 0.27521434 0.63444749
vt 0.27521434 0.92158716
vt 0.28081748 6.8969622e-2
vt 0.28081748 0.36902979
vt 0.28907693 0.63940760
vt 0.28907693 0.91662704
vt 0.29552300 6.9692058e-2
vt 0.29552300 0.36830735
vt 0.30238659 0.64570260
vt 0.30238659 0.91033204
vt 0.31008690 7.1852408e-2
vt 0.31008690 0.36614700
vt 0.31501515 0.65327187
vt 0.31501515 0.90276278
vt 0.32436892 7.5429867e-2
vt 0.32436892 0.36256954
vt 0.32684098 0.66204250
vt 0.32684098 0.89399214
vt 0.33775019 0.67193003
vt 0.33775019 0.88410461
vt 0.33823151 8.0389982e-2
vt 0.33823151 0.35760942
vt 0.34763772 0.68283924
vt 0.34763772 0.87319540
vt 0.35154117 8.6684984e-2
vt 0.35154117 0.35131442
vt 0.35640836 0.69466508
vt 0.35640836 0.86136957
vt 0.36397762 0.70729363
vt 0.36397762 0.84874101
vt 0.36416973 9.4254250e-2
vt 0.36416973 0.34374516
vt 0.37027262 0.72060329
vt 0.37027262 0.83543135
vt 0.37523274 0.73446589
vt 0.37523274 0.82156875
vt 0.37599556 0.10302488
vt 0.37599556 0.33497452
vt 0.37881020 0.74874791
vt 0.37881020 0.80728674
vt 0.38097055 0.76331180
vt 0.38097055 0.79272284
vt 0.38169299 0.77801732
vt 0.38690477 0.11291241
vt 0.38690477 0.32508699
vt 0.39679230 0.12382163
vt 0.39679230 0.31417778
vt 0.40556294 0.13564746
vt 0.40556294 0.30235195
vt 0.41313220 0.14827601
vt 0.41313220 0.28972339
vt 0.41942720 0.16158568
vt 0.41942720 0.27641373
vt 0.42438732 0.17544827
vt 0.42438732 0.26255114
vt 0.42796478 0.18973029
vt 0.42796478 0.24826912
vt 0.43012513 0.20429418
vt 0.43012513 0.23370522
vt 0.43084757 0.21899970
vt 0.82800325 0.89447894
vt 0.82800325 0.91047894
vt 0.82800325 0.94711052
vt 0.82800325 0.96311052
vt 0.83089214 0.86750468
vt 0.83089214 0.88350468
vt 0.83089214 0.92013625
vt 0.83089214 0.93613625
vt 0.83352947 0.89447894
vt 0.83352947 0.91047894
vt 0.83352947 0.94711052
vt 0.83352947 0.96311052
vt 0.83641836 0.86750468
vt 0.83641836 0.88350468
vt 0.83641836 0.92013625
vt 0.83641836 0.93613625
vt 0.83952002 0.89447894
vt 0.83952002 0.91047894
vt 0.83952002 0.94711052
vt 0.83952002 0.96311052
vt 0.84240891 0.86750468
vt 0.84240891 0.88350468
vt 0.84240891 0.92013625
vt 0.84240891 0.93613625
vt 0.84591721 0.89447894
vt 0.84591721 0.91047894
vt 0.84591721 0.94711052
vt 0.84591721 0.96311052
vt 0.84880610 0.86750468
vt 0.84880610 0.88350468
vt 0.84880610 0.92013625
vt 0.84880610 0.93613625
vt 0.85265942 0.89447894
vt 0.85265942 0.91047894
vt 0.85265942 0.94711052
vt 0.85265942 0.96311052
vt 0.85554831 0.86750468
vt 0.85554831 0.88350468
vt 0.85554831 0.92013625
vt 0.85554831 0.93613625
vt 0.85968173 0.89447894
vt 0.85968173 0.91047894
vt 0.85968173 0.94711052
vt 0.85968173 0.96311052
vt 0.86257061 0.86750468
vt 0.86257061 0.88350468
vt 0.86257061 0.92013625
vt 0.86257061 0.93613625
vt 0.86691650 0.89447894
vt 0.86691650 0.91047894
vt 0.86691650 0.94711052
vt 0.86691650 0.96311052
vt 0.86980539 0.86750468
vt 0.86980539 0.88350468
vt 0.86980539 0.92013625
vt 0.86980539 0.93613625
vt 0.87429406 0.89447894
vt 0.87429406 0.91047894
vt 0.87429406 0.94711052
vt 0.87429406 0.96311052
vt 0.87718295 0.86750468
vt 0.87718295 0.88350468
vt 0.87718295 0.92013625
vt 0.87718295 0.93613625
vt 0.88174336 0.89447894
vt 0.88174336 0.91047894
vt 0.88174336 0.94711052
vt 0.88174336 0.96311052
vt 0.88463225 0.86750468
vt 0.88463225 0.88350468
vt 0.88463225 0.92013625
vt 0.88463225 0.93613625
vt 0.88919266 0.89447894
vt 0.88919266 0.91047894
vt 0.88919266 0.94711052
vt 0.88919266 0.96311052
vt 0.89208155 0.86750468
vt 0.89208155 0.88350468
vt 0.89208155 0.92013625
vt 0.89208155 0.93613625
vt 0.89657023 0.89447894
vt 0.89657023 0.91047894
vt 0.89657023 0.94711052
vt 0.89657023 0.96311052
vt 0.89945911 0.86750468
vt 0.89945911 0.88350468
vt 0.89945911 0.92013625
vt 0.89945911 0.93613625
vt 0.90380500 0.89447894
vt 0.90380500 0.91047894
vt 0.90380500 0.94711052
vt 0.90380500 0.96311052
vt 0.90669389 0.86750468
vt 0.90669389 0.88350468
vt 0.90669389 0.92013625
vt 0.90669389 0.93613625
vt 0.91082730 0.89447894
vt 0.91082730 0.91047894
vt 0.91082730 0.94711052
vt 0.91082730 0.96311052
vt 0.91371619 0.86750468
vt 0.91371619 0.88350468
vt 0.91371619 0.92013625
vt 0.91371619 0.93613625
vt 0.91756952 0.89447894
vt 0.91756952 0.91047894
vt 0.91756952 0.94711052
vt 0.91756952 0.96311052
vt 0.92045840 0.86750468
vt 0.92045840 0.88350468
vt 0.92045840 0.92013625
vt 0.92045840 0.93613625
vt 0.92396670 0.89447894
vt 0.92396670 0.91047894
vt 0.92396670 0.94711052
vt 0.92396670 0.96311052
vt 0.92685559 0.86750468
vt 0.92685559 0.88350468
vt 0.92685559 0.92013625
vt 0.92685559 0.93613625
vt 0.92995725 0.89447894
vt 0.92995725 0.91047894
vt 0.92995725 0.94711052
vt 0.92995725 0.96311052
vt 0.93284614 0.86750468
vt 0.93284614 0.88350468
vt 0.93284614 0.92013625
vt 0.93284614 0.93613625
vt 0.93548348 0.89447894
vt 0.93548348 0.91047894
vt 0.93548348 0.94711052
vt 0.93548348 0.96311052
vt 0.93837237 0.86750468
vt 0.93837237 0.88350468
vt 0.93837237 0.92013625
vt 0.93837237 0.93613625
vn 0.0000000e+0 1.00000000 0.0000000e+0
vn 1.00000000 0.0000000e+0 6.9472622e-18
vn 1.00000000 0.0000000e+0 6.9472622e-18
vn 0.0000000e+0 1.00000000 0.0000000e+0
vn 0.0000000e+0 1.00000000 0.0000000e+0
vn 0.99518473 0.0000000e+0 9.8017118e-2
vn 0.99518473 0.0000000e+0 9.8017118e-2
vn 0.99518473 0.0000000e+0 9.8017118e-2
vn 0.99518473 0.0000000e+0 9.8017118e-2
vn 0.0000000e+0 1.00000000 0.0000000e+0
vn 0.0000000e+0 1.00000000 0.0000000e+0
vn 0.0000000e+0 1.00000000 0.0000000e+0
vn 0.98078528 0.0000000e+0 0.19509032
vn 0.98078528 0.0000000e+0 0.19509032
vn 0.0000000e+0 1.00000000 0.0000000e+0
vn 0.0000000e+0 1.00000000 0.0000000e+0
vn 0.0000000e+0 1.00000000 0.0000000e+0
vn 0.95694033 0.0000000e+0 0.29028468
vn 0.95694033 0.0000000e+0 0.29028468
vn 0.95694033 0.0000000e+0 0.29028468
vn 0.95694033 0.0000000e+0 0.29028468
vn 0.0000000e+0 1.00000000 0.0000000e+0
vn 0.0000000e+0 1.00000000 0.0000000e+0
vn 0.0000000e+0 1.00000000 0.0000000e+0
vn 0.92387953 0.0000000e+0 0.38268344
vn 0.92387953 0.0000000e+0 0.38268344
vn 0.0000000e+0 1.00000000 0.0000000e+0
vn 0.0000000e+0 1.00000000 0.0000000e+0
vn 0.0000000e+0 1.00000000 0.0000000e+0
vn 0.88192125 0.0000000e+0 0.47139676
vn 0.88192125 0.0000000e+0 0.47139676
vn 0.88192125 0.0000000e+0 0.47139676
vn 0.88192125 0.0000000e+0 0.47139676
vn 0.0000000e+0 1.00000000 0.0000000e+0
vn 0.0000000e+0 1.00000000 0.0000000e+0
vn 0.0000000e+0 1.00000000 0.0000000e+0
vn 0.83146961 0.0000000e+0 0.55557023
vn 0.83146961 0.0000000e+0 0.55557023
vn 0.0000000e+0 1.00000000 0.0000000e+0
vn 0.0000000e+0 1.00000000 0.0000000e+0
vn 0.0000000e+0 1.00000000 0.0000000e+0
vn 0.77301045 0.0000000e+0 0.63439329
vn 0.77301045 0.0000000e+0 0.63439329
vn 0.77301045 0.0000000e+0 0.63439329
vn 0.77301045 0.0000000e+0 0.63439329
vn 0.0000000e+0 1.00000000 0.0000000e+0
vn 0.0000000e+0 1.00000000 0.0000000e+0
vn 0.0000000e+0 1.00000000 0.0000000e+0
vn 0.70710678 0.0000000e+0 0.70710678
vn 0.70710678 0.0000000e+0 0.70710678
vn 0.0000000e+0 1.00000000 0.0000000e+0
vn 0.0000000e+0 1.00000000 0.0000000e+0
vn 0.0000000e+0 1.00000000 0.0000000e+0
vn 0.63439329 0.0000000e+0 0.77301045
vn 0.63439329 0.0000000e+0 0.77301045
vn 0.63439329 0.0000000e+0 0.77301045
vn 0.63439329 0.0000000e+0 0.77301045
vn 0.0000000e+0 1.00000000 0.0000000e+0
vn 0.0000000e+0 1.00000000 0.0000000e+0
vn 0.0000000e+0 1.00000000 0.0000000e+0
vn 0.55557023 0.0000000e+0 0.83146961
vn 0.55557023 0.0000000e+0 0.83146961
vn 0.0000000e+0 1.00000000 0.0000000e+0
vn 0.0000000e+0 1.00000000 0.0000000e+0
vn 0.0000000e+0 1.00000000 0.0000000e+0
vn 0.47139676 0.0000000e+0 0.88192125
vn 0.47139676 0.0000000e+0 0.88192125
vn 0.47139676 0.0000000e+0 0.88192125
vn 0.47139676 0.0000000e+0 0.88192125
vn 0.0000000e+0 1.00000000 0.0000000e+0
vn 0.0000000e+0 1.00000000 0.0000000e+0
vn 0.0000000e+0 1.00000000 0.0000000e+0
vn 0.38268344 0.0000000e+0 0.92387953
vn 0.38268344 0.0000000e+0 0.92387953
vn 0.0000000e+0 1.00000000 0.0000000e+0
vn 0.0000000e+0 1.00000000 0.0000000e+0
vn 0.0000000e+0 1.00000000 0.0000000e+0
vn 0.29028468 0.0000000e+0 0.95694033
vn 0.29028468 0.0000000e+0 0.95694033
vn 0.29028468 0.0000000e+0 0.95694033
vn 0.29028468 0.0000000e+0 0.95694033
vn 0.0000000e+0 1.00000000 0.0000000e+0
vn 0.0000000e+0 1.00000000 0.0000000e+0
vn 0.0000000e+0 1.00000000 0.0000000e+0
vn 0.19509032 0.0000000e+0 0.98078528
vn 0.19509032 0.0000000e+0 0.98078528
vn 0.0000000e+0 1.00000000 0.0000000e+0
vn 0.0000000e+0 1.00000000 0.0000000e+0
vn 0.0000000e+0 1.00000000 0.0000000e+0
vn 9.8017118e-2 0.0000000e+0 0.99518473
vn 9.8017118e-2 0.0000000e+0 0.99518473
vn 9.8017118e-2 0.0000000e+0 0.99518473
vn 9.8017118e-2 0.0000000e+0 0.99518473
vn 0.0000000e+0 1.00000000 -9.3773822e-19
vn 0.0000000e+0 1.00000000 -9.3773822e-19
vn 0.0000000e+0 1.00000000 -9.3773822e-19
vn 3.8209942e-17 0.0000000e+0 1.00000000
vn 3.8209942e-17 0.0000000e+0 1.00000000
vn 0.0000000e+0 1.00000000 -5.2439006e-18
vn 0.0000000e+0 1.00000000 -5.2439006e-18
vn 0.0000000e+0 1.00000000 -5.2439006e-18
vn -9.8017118e-2 0.0000000e+0 0.99518473
vn -9.8017118e-2 0.0000000e+0 0.99518473
vn -9.8017118e-2 0.0000000e+0 0.99518473
vn -9.8017118e-2 0.0000000e+0 0.99518473
vn 0.0000000e+0 1.00000000 0.0000000e+0
vn 0.0000000e+0 1.00000000 0.0000000e+0
vn 0.0000000e+0 1.00000000 0.0000000e+0
vn -0.19509032 0.0000000e+0 0.98078528
vn -0.19509032 0.0000000e+0 0.98078528
vn 0.0000000e+0 1.00000000 0.0000000e+0
vn 0.0000000e+0 1.00000000 0.0000000e+0
vn 0.0000000e+0 1.00000000 0.0000000e+0
vn -0.29028468 0.0000000e+0 0.95694033
vn -0.29028468 0.0000000e+0 0.95694033
vn -0.29028468 0.0000000e+0 0.95694033
vn -0.29028468 0.0000000e+0 0.95694033
vn 0.0000000e+0 1.00000000 0.0000000e+0
vn 0.0000000e+0 1.00000000 0.0000000e+0
vn 0.0000000e+0 1.00000000 0.0000000e+0
vn -0.38268344 0.0000000e+0 0.92387953
vn -0.38268344 0.0000000e+0 0.92387953
vn 0.0000000e+0 1.00000000 0.0000000e+0
vn 0.0000000e+0 1.00000000 0.0000000e+0
vn 0.0000000e+0 1.00000000 0.0000000e+0
vn -0.47139676 0.0000000e+0 0.88192125
vn -0.47139676 0.0000000e+0 0.88192125
vn -0.47139676 0.0000000e+0 0.88192125
vn -0.47139676 0.0000000e+0 0.88192125
vn 0.0000000e+0 1.00000000 0.0000000e+0
vn 0.0000000e+0 1.00000000 0.0000000e+0
vn 0.0000000e+0 1.00000000 0.0000000e+0
vn -0.55557023 0.0000000e+0 0.83146961
vn -0.55557023 0.0000000e+0 0.83146961
vn 0.0000000e+0 1.00000000 0.0000000e+0
vn 0.0000000e+0 1.00000000 0.0000000e+0
vn 0.0000000e+0 1.00000000 0.0000000e+0
vn -0.63439329 0.0000000e+0 0.77301045
vn -0.63439329 0.0000000e+0 0.77301045
vn -0.63439329 0.0000000e+0 0.77301045
vn -0.63439329 0.0000000e+0 0.77301045
vn 0.0000000e+0 1.00000000 0.0000000e+0
vn 0.0000000e+0 1.00000000 0.0000000e+0
vn 0.0000000e+0 1.00000000 0.0000000e+0
vn -0.70710678 0.0000000e+0 0.70710678
vn -0.70710678 0.0000000e+0 0.70710678
vn 0.0000000e+0 1.00000000 0.0000000e+0
vn 0.0000000e+0 1.00000000 0.0000000e+0
vn 0.0000000e+0 1.00000000 0.0000000e+0
vn -0.77301045 0.0000000e+0 0.63439329
vn -0.77301045 0.0000000e+0 0.63439329
vn -0.77301045 0.0000000e+0 0.63439329
vn -0.77301045 0.0000000e+0 0.63439329
vn 0.0000000e+0 1.00000000 0.0000000e+0
vn 0.0000000e+0 1.00000000 0.0000000e+0
vn 0.0000000e+0 1.00000000 0.0000000e+0
vn -0.83146961 0.0000000e+0 0.55557023
vn -0.83146961 0.0000000e+0 0.55557023
vn 0.0000000e+0 1.00000000 0.0000000e+0
vn 0.0000000e+0 1.00000000 0.0000000e+0
vn 0.0000000e+0 1.00000000 0.0000000e+0
vn -0.88192125 0.0000000e+0 0.47139676
vn -0.88192125 0.0000000e+0 0.47139676
vn -0.88192125 0.0000000e+0 0.47139676
vn -0.88192125 0.0000000e+0 0.47139676
vn 0.0000000e+0 1.00000000 0.0000000e+0
vn 0.0000000e+0 1.00000000 0.0000000e+0
vn 0.0000000e+0 1.00000000 0.0000000e+0
vn -0.92387953 0.0000000e+0 0.38268344
vn -0.92387953 0.0000000e+0 0.38268344
vn 0.0000000e+0 1.00000000 0.0000000e+0
vn 0.0000000e+0 1.00000000 0.0000000e+0
vn 0.0000000e+0 1.00000000 0.0000000e+0
vn -0.95694033 0.0000000e+0 0.29028468
vn -0.95694033 0.0000000e+0 0.29028468
vn -0.95694033 0.0000000e+0 0.29028468
vn -0.95694033 0.0000000e+0 0.29028468
vn 0.0000000e+0 1.00000000 0.0000000e+0
vn 0.0000000e+0 1.00000000 0.0000000e+0
vn 0.0000000e+0 1.00000000 0.0000000e+0
vn -0.98078528 0.0000000e+0 0.19509032
vn -0.98078528 0.0000000e+0 0.19509032
vn 0.0000000e+0 1.00000000 0.0000000e+0
vn 0.0000000e+0 1.00000000 0.0000000e+0
vn 0.0000000e+0 1.00000000 0.0000000e+0
vn -0.99518473 0.0000000e+0 9.8017118e-2
vn -0.99518473 0.0000000e+0 9.8017118e-2
vn -0.99518473 0.0000000e+0 9.8017118e-2
vn -0.99518473 0.0000000e+0 9.8017118e-2
vn 0.0000000e+0 1.00000000 0.0000000e+0
vn -1.00000000 0.0000000e+0 6.2525360e-17
vn -1.00000000 0.0000000e+0 6.2525360e-17
vn 0.0000000e+0 1.00000000 0.0000000e+0
vn 0.0000000e+0 1.00000000 0.0000000e+0
vn -0.99518473 0.0000000e+0 -9.8017118e-2
vn -0.99518473 0.0000000e+0 -9.8017118e-2
vn -0.99518473 0.0000000e+0 -9.8017118e-2
vn -0.99518473 0.0000000e+0 -9.8017118e-2
vn 0.0000000e+0 1.00000000 0.0000000e+0
vn 0.0000000e+0 1.00000000 0.0000000e+0
vn 0.0000000e+0 1.00000000 0.0000000e+0
vn -0.98078528 0.0000000e+0 -0.19509032
vn -0.98078528 0.0000000e+0 -0.19509032
vn 0.0000000e+0 1.00000000 0.0000000e+0
vn 0.0000000e+0 1.00000000 0.0000000e+0
vn 0.0000000e+0 1.00000000 0.0000000e+0
vn -0.95694033 0.0000000e+0 -0.29028468
vn -0.95694033 0.0000000e+0 -0.29028468
vn -0.95694033 0.0000000e+0 -0.29028468
vn -0.95694033 0.0000000e+0 -0.29028468
vn 0.0000000e+0 1.00000000 0.0000000e+0
vn 0.0000000e+0 1.00000000 0.0000000e+0
vn 0.0000000e+0 1.00000000 0.0000000e+0
vn -0.92387953 0.0000000e+0 -0.38268344
vn -0.92387953 0.0000000e+0 -0.38268344
vn 0.0000000e+0 1.00000000 0.0000000e+0
vn 0.0000000e+0 1.00000000 0.0000000e+0
vn 0.0000000e+0 1.00000000 0.0000000e+0
vn -0.88192125 0.0000000e+0 -0.47139676
vn -0.88192125 0.0000000e+0 -0.47139676
vn -0.88192125 0.0000000e+0 -0.47139676
vn -0.88192125 0.0000000e+0 -0.47139676
vn 0.0000000e+0 1.00000000 0.0000000e+0
vn 0.0000000e+0 1.00000000 0.0000000e+0
vn 0.0000000e+0 1.00000000 0.0000000e+0
vn -0.83146961 0.0000000e+0 -0.55557023
vn -0.83146961 0.0000000e+0 -0.55557023
vn 0.0000000e+0 1.00000000 0.0000000e+0
vn 0.0000000e+0 1.00000000 0.0000000e+0
vn 0.0000000e+0 1.00000000 0.0000000e+0
vn -0.77301045 0.0000000e+0 -0.63439329
vn -0.77301045 0.0000000e+0 -0.63439329
vn -0.77301045 0.0000000e+0 -0.63439329
vn -0.77301045 0.0000000e+0 -0.63439329
vn 0.0000000e+0 1.00000000 0.0000000e+0
vn 0.0000000e+0 1.00000000 0.0000000e+0
vn 0.0000000e+0 1.00000000 0.0000000e+0
vn -0.70710678 0.0000000e+0 -0.70710678
vn -0.70710678 0.0000000e+0 -0.70710678
vn 0.0000000e+0 1.00000000 0.0000000e+0
vn 0.0000000e+0 1.00000000 0.0000000e+0
vn 0.0000000e+0 1.00000000 0.0000000e+0
vn -0.63439329 0.0000000e+0 -0.77301045
vn -0.63439329 0.0000000e+0 -0.77301045
vn -0.63439329 0.0000000e+0 -0.77301045
vn -0.63439329 0.0000000e+0 -0.77301045
vn 0.0000000e+0 1.00000000 0.0000000e+0
vn 0.0000000e+0 1.00000000 0.0000000e+0
vn 0.0000000e+0 1.00000000 0.0000000e+0
vn -0.55557023 0.0000000e+0 -0.83146961
vn -0.55557023 0.0000000e+0 -0.83146961
vn 0.0000000e+0 1.00000000 0.0000000e+0
vn 0.0000000e+0 1.00000000 0.0000000e+0
vn 0.0000000e+0 1.00000000 0.0000000e+0
vn -0.47139676 0.0000000e+0 -0.88192125
vn -0.47139676 0.0000000e+0 -0.88192125
vn -0.47139676 0.0000000e+0 -0.88192125
vn -0.47139676 0.0000000e+0 -0.88192125
vn 0.0000000e+0 1.00000000 0.0000000e+0
vn 0.0000000e+0 1.00000000 0.0000000e+0
vn 0.0000000e+0 1.00000000 0.0000000e+0
vn -0.38268344 0.0000000e+0 -0.92387953
vn -0.38268344 0.0000000e+0 -0.92387953
vn 0.0000000e+0 1.00000000 0.0000000e+0
vn 0.0000000e+0 1.00000000 0.0000000e+0
vn 0.0000000e+0 1.00000000 0.0000000e+0
vn -0.29028468 0.0000000e+0 -0.95694033
vn -0.29028468 0.0000000e+0 -0.95694033
vn -0.29028468 0.0000000e+0 -0.95694033
vn -0.29028468 0.0000000e+0 -0.95694033
vn 0.0000000e+0 1.00000000 0.0000000e+0
vn 0.0000000e+0 1.00000000 0.0000000e+0
vn 0.0000000e+0 1.00000000 0.0000000e+0
vn -0.19509032 0.0000000e+0 -0.98078528
vn -0.19509032 0.0000000e+0 -0.98078528
vn 0.0000000e+0 1.00000000 0.0000000e+0
vn 0.0000000e+0 1.00000000 0.0000000e+0
vn 0.0000000e+0 1.00000000 0.0000000e+0
vn -9.8017118e-2 0.0000000e+0 -0.99518473
vn -9.8017118e-2 0.0000000e+0 -0.99518473
vn -9.8017118e-2 0.0000000e+0 -0.99518473
vn -9.8017118e-2 0.0000000e+0 -0.99518473
vn 0.0000000e+0 1.00000000 -9.3773822e-19
vn 0.0000000e+0 1.00000000 -9.3773822e-19
vn 0.0000000e+0 1.00000000 -9.3773822e-19
vn -9.0314408e-17 0.0000000e+0 -1.00000000
vn -9.0314408e-17 0.0000000e+0 -1.00000000
vn 0.0000000e+0 1.00000000 4.3061624e-18
vn 0.0000000e+0 1.00000000 4.3061624e-18
vn 0.0000000e+0 1.00000000 4.3061624e-18
vn 9.8017118e-2 0.0000000e+0 -0.99518473
vn 9.8017118e-2 0.0000000e+0 -0.99518473
vn 9.8017118e-2 0.0000000e+0 -0.99518473
vn 9.8017118e-2 0.0000000e+0 -0.99518473
vn 0.0000000e+0 1.00000000 0.0000000e+0
vn 0.0000000e+0 1.00000000 0.0000000e+0
vn 0.0000000e+0 1.00000000 0.0000000e+0
vn 0.19509032 0.0000000e+0 -0.98078528
vn 0.19509032 0.0000000e+0 -0.98078528
vn 0.0000000e+0 1.00000000 0.0000000e+0
vn 0.0000000e+0 1.00000000 0.0000000e+0
vn 0.0000000e+0 1.00000000 0.0000000e+0
vn 0.29028468 0.0000000e+0 -0.95694033
vn 0.29028468 0.0000000e+0 -0.95694033
vn 0.29028468 0.0000000e+0 -0.95694033
vn 0.29028468 0.0000000e+0 -0.95694033
vn 0.0000000e+0 1.00000000 0.0000000e+0
vn 0.0000000e+0 1.00000000 0.0000000e+0
vn 0.0000000e+0 1.00000000 0.0000000e+0
vn 0.38268344 0.0000000e+0 -0.92387953
vn 0.38268344 0.0000000e+0 -0.92387953
vn 0.0000000e+0 1.00000000 0.0000000e+0
vn 0.0000000e+0 1.00000000 0.0000000e+0
vn 0.0000000e+0 1.00000000 0.0000000e+0
vn 0.47139676 0.0000000e+0 -0.88192125
vn 0.47139676 0.0000000e+0 -0.88192125
vn 0.47139676 0.0000000e+0 -0.88192125
vn 0.47139676 0.0000000e+0 -0.88192125
vn 0.0000000e+0 1.00000000 0.0000000e+0
vn 0.0000000e+0 1.00000000 0.0000000e+0
vn 0.0000000e+0 1.00000000 0.0000000e+0
vn 0.55557023 0.0000000e+0 -0.83146961
vn 0.55557023 0.0000000e+0 -0.83146961
vn 0.0000000e+0 1.00000000 0.0000000e+0
vn 0.0000000e+0 1.00000000 0.0000000e+0
vn 0.0000000e+0 1.00000000 0.0000000e+0
vn 0.63439329 0.0000000e+0 -0.77301045
vn 0.63439329 0.0000000e+0 -0.77301045
vn 0.63439329 0.0000000e+0 -0.77301045
vn 0.63439329 0.0000000e+0 -0.77301045
vn 0.0000000e+0 1.00000000 0.0000000e+0
vn 0.0000000e+0 1.00000000 0.0000000e+0
vn 0.0000000e+0 1.00000000 0.0000000e+0
vn 0.70710678 0.0000000e+0 -0.70710678
vn 0.70710678 0.0000000e+0 -0.70710678
vn 0.0000000e+0 1.00000000 0.0000000e+0
vn 0.0000000e+0 1.00000000 0.0000000e+0
vn 0.0000000e+0 1.00000000 0.0000000e+0
vn 0.77301045 0.0000000e+0 -0.63439329
vn 0.77301045 0.0000000e+0 -0.63439329
vn 0.77301045 0.0000000e+0 -0.63439329
vn 0.77301045 0.0000000e+0 -0.63439329
vn 0.0000000e+0 1.00000000 0.0000000e+0
vn 0.0000000e+0 1.00000000 0.0000000e+0
vn 0.0000000e+0 1.00000000 0.0000000e+0
vn 0.83146961 0.0000000e+0 -0.55557023
vn 0.83146961 0.0000000e+0 -0.55557023
vn 0.0000000e+0 1.00000000 0.0000000e+0
vn 0.0000000e+0 1.00000000 0.0000000e+0
vn 0.0000000e+0 1.00000000 0.0000000e+0
vn 0.88192125 0.0000000e+0 -0.47139676
vn 0.88192125 0.0000000e+0 -0.47139676
vn 0.88192125 0.0000000e+0 -0.47139676
vn 0.88192125 0.0000000e+0 -0.47139676
vn 0.0000000e+0 1.00000000 0.0000000e+0
vn 0.0000000e+0 1.00000000 0.0000000e+0
vn 0.0000000e+0 1.00000000 0.0000000e+0
vn 0.92387953 0.0000000e+0 -0.38268344
vn 0.92387953 0.0000000e+0 -0.38268344
vn 0.0000000e+0 1.00000000 0.0000000e+0
vn 0.0000000e+0 1.00000000 0.0000000e+0
vn 0.0000000e+0 1.00000000 0.0000000e+0
vn 0.95694033 0.0000000e+0 -0.29028468
vn 0.95694033 0.0000000e+0 -0.29028468
vn 0.95694033 0.0000000e+0 -0.29028468
vn 0.95694033 0.0000000e+0 -0.29028468
vn 0.0000000e+0 1.00000000 0.0000000e+0
vn 0.0000000e+0 1.00000000 0.0000000e+0
vn 0.0000000e+0 1.00000000 0.0000000e+0
vn 0.98078528 0.0000000e+0 -0.19509032
vn 0.98078528 0.0000000e+0 -0.19509032
vn 0.0000000e+0 1.00000000 0.0000000e+0
vn 0.0000000e+0 1.00000000 0.0000000e+0
vn 0.0000000e+0 1.00000000 0.0000000e+0
vn 0.99518473 0.0000000e+0 -9.8017118e-2
vn 0.99518473 0.0000000e+0 -9.8017118e-2
vn 0.99518473 0.0000000e+0 -9.8017118e-2
vn 0.99518473 0.0000000e+0 -9.8017118e-2
vn 0.0000000e+0 -1.00000000 0.0000000e+0
vn 1.00000000 0.0000000e+0 1.7368155e-18
vn 1.00000000 0.0000000e+0 1.7368155e-18
vn 1.00000000 0.0000000e+0 1.7368155e-18
vn 1.00000000 0.0000000e+0 1.7368155e-18
vn 0.0000000e+0 -1.00000000 0.0000000e+0
vn 0.0000000e+0 -1.00000000 0.0000000e+0
vn 0.0000000e+0 -1.00000000 0.0000000e+0
vn 0.99518473 0.0000000e+0 9.8017118e-2
vn 0.99518473 0.0000000e+0 9.8017118e-2
vn 0.0000000e+0 -1.00000000 0.0000000e+0
vn 0.0000000e+0 -1.00000000 0.0000000e+0
vn 0.0000000e+0 -1.00000000 0.0000000e+0
vn 0.98078528 0.0000000e+0 0.19509032
vn 0.98078528 0.0000000e+0 0.19509032
vn 0.98078528 0.0000000e+0 0.19509032
vn 0.98078528 0.0000000e+0 0.19509032
vn 0.0000000e+0 -1.00000000 0.0000000e+0
vn 0.0000000e+0 -1.00000000 0.0000000e+0
vn 0.0000000e+0 -1.00000000 0.0000000e+0
vn 0.95694033 0.0000000e+0 0.29028468
vn 0.95694033 0.0000000e+0 0.29028468
vn 0.0000000e+0 -1.00000000 0.0000000e+0
vn 0.0000000e+0 -1.00000000 0.0000000e+0
vn 0.0000000e+0 -1.00000000 0.0000000e+0
vn 0.92387953 0.0000000e+0 0.38268344
vn 0.92387953 0.0000000e+0 0.38268344
vn 0.92387953 0.0000000e+0 0.38268344
vn 0.92387953 0.0000000e+0 0.38268344
vn 0.0000000e+0 -1.00000000 0.0000000e+0
vn 0.0000000e+0 -1.00000000 0.0000000e+0
vn 0.0000000e+0 -1.00000000 0.0000000e+0
vn 0.88192125 0.0000000e+0 0.47139676
vn 0.88192125 0.0000000e+0 0.47139676
vn 0.0000000e+0 -1.00000000 0.0000000e+0
vn 0.0000000e+0 -1.00000000 0.0000000e+0
vn 0.0000000e+0 -1.00000000 0.0000000e+0
vn 0.83146961 0.0000000e+0 0.55557023
vn 0.83146961 0.0000000e+0 0.55557023
vn 0.83146961 0.0000000e+0 0.55557023
vn 0.83146961 0.0000000e+0 0.55557023
vn 0.0000000e+0 -1.00000000 0.0000000e+0
vn 0.0000000e+0 -1.00000000 0.0000000e+0
vn 0.0000000e+0 -1.00000000 0.0000000e+0
vn 0.77301045 0.0000000e+0 0.63439329
vn 0.77301045 0.0000000e+0 0.63439329
vn 0.0000000e+0 -1.00000000 0.0000000e+0
vn 0.0000000e+0 -1.00000000 0.0000000e+0
vn 0.0000000e+0 -1.00000000 0.0000000e+0
vn 0.70710678 0.0000000e+0 0.70710678
vn 0.70710678 0.0000000e+0 0.70710678
vn 0.70710678 0.0000000e+0 0.70710678
vn 0.70710678 0.0000000e+0 0.70710678
vn 0.0000000e+0 -1.00000000 0.0000000e+0
vn 0.0000000e+0 -1.00000000 0.0000000e+0
vn 0.0000000e+0 -1.00000000 0.0000000e+0
vn 0.63439329 0.0000000e+0 0.77301045
vn 0.63439329 0.0000000e+0 0.77301045
vn 0.0000000e+0 -1.00000000 0.0000000e+0
vn 0.0000000e+0 -1.00000000 0.0000000e+0
vn 0.0000000e+0 -1.00000000 0.0000000e+0
vn 0.55557023 0.0000000e+0 0.83146961
vn 0.55557023 0.0000000e+0 0.83146961
vn 0.55557023 0.0000000e+0 0.83146961
vn 0.55557023 0.0000000e+0 0.83146961
vn 0.0000000e+0 -1.00000000 0.0000000e+0
vn 0.0000000e+0 -1.00000000 0.0000000e+0
vn 0.0000000e+0 -1.00000000 0.0000000e+0
vn 0.47139676 0.0000000e+0 0.88192125
vn 0.47139676 0.0000000e+0 0.88192125
vn 0.0000000e+0 -1.00000000 0.0000000e+0
vn 0.0000000e+0 -1.00000000 0.0000000e+0
vn 0.0000000e+0 -1.00000000 0.0000000e+0
vn 0.38268344 0.0000000e+0 0.92387953
vn 0.38268344 0.0000000e+0 0.92387953
vn 0.38268344 0.0000000e+0 0.92387953
vn 0.38268344 0.0000000e+0 0.92387953
vn 0.0000000e+0 -1.00000000 0.0000000e+0
vn 0.0000000e+0 -1.00000000 0.0000000e+0
vn 0.0000000e+0 -1.00000000 0.0000000e+0
vn 0.29028468 0.0000000e+0 0.95694033
vn 0.29028468 0.0000000e+0 0.95694033
vn 0.0000000e+0 -1.00000000 0.0000000e+0
vn 0.0000000e+0 -1.00000000 0.0000000e+0
vn 0.0000000e+0 -1.00000000 0.0000000e+0
vn 0.19509032 0.0000000e+0 0.98078528
vn 0.19509032 0.0000000e+0 0.98078528
vn 0.19509032 0.0000000e+0 0.98078528
vn 0.19509032 0.0000000e+0 0.98078528
vn 0.0000000e+0 -1.00000000 5.2439006e-18
vn 0.0000000e+0 -1.00000000 5.2439006e-18
vn 0.0000000e+0 -1.00000000 5.2439006e-18
vn 9.8017118e-2 0.0000000e+0 0.99518473
vn 9.8017118e-2 0.0000000e+0 0.99518473
vn 0.0000000e+0 -1.00000000 -6.1629758e-33
vn 0.0000000e+0 -1.00000000 -6.1629758e-33
vn 0.0000000e+0 -1.00000000 -6.1629758e-33
vn 3.6473126e-17 0.0000000e+0 1.00000000
vn 3.6473126e-17 0.0000000e+0 1.00000000
vn 3.8209942e-17 0.0000000e+0 1.00000000
vn 3.8209942e-17 0.0000000e+0 1.00000000
vn 0.0000000e+0 -1.00000000 0.0000000e+0
vn 0.0000000e+0 -1.00000000 0.0000000e+0
vn 0.0000000e+0 -1.00000000 0.0000000e+0
vn -9.8017118e-2 0.0000000e+0 0.99518473
vn -9.8017118e-2 0.0000000e+0 0.99518473
vn 0.0000000e+0 -1.00000000 0.0000000e+0
vn 0.0000000e+0 -1.00000000 0.0000000e+0
vn 0.0000000e+0 -1.00000000 0.0000000e+0
vn -0.19509032 0.0000000e+0 0.98078528
vn -0.19509032 0.0000000e+0 0.98078528
vn -0.19509032 0.0000000e+0 0.98078528
vn -0.19509032 0.0000000e+0 0.98078528
vn 0.0000000e+0 -1.00000000 0.0000000e+0
vn 0.0000000e+0 -1.00000000 0.0000000e+0
vn 0.0000000e+0 -1.00000000 0.0000000e+0
vn -0.29028468 0.0000000e+0 0.95694033
vn -0.29028468 0.0000000e+0 0.95694033
vn 0.0000000e+0 -1.00000000 0.0000000e+0
vn 0.0000000e+0 -1.00000000 0.0000000e+0
vn 0.0000000e+0 -1.00000000 0.0000000e+0
vn -0.38268344 0.0000000e+0 0.92387953
vn -0.38268344 0.0000000e+0 0.92387953
vn -0.38268344 0.0000000e+0 0.92387953
vn -0.38268344 0.0000000e+0 0.92387953
vn 0.0000000e+0 -1.00000000 0.0000000e+0
vn 0.0000000e+0 -1.00000000 0.0000000e+0
vn 0.0000000e+0 -1.00000000 0.0000000e+0
vn -0.47139676 0.0000000e+0 0.88192125
vn -0.47139676 0.0000000e+0 0.88192125
vn 0.0000000e+0 -1.00000000 0.0000000e+0
vn 0.0000000e+0 -1.00000000 0.0000000e+0
vn 0.0000000e+0 -1.00000000 0.0000000e+0
vn -0.55557023 0.0000000e+0 0.83146961
vn -0.55557023 0.0000000e+0 0.83146961
vn -0.55557023 0.0000000e+0 0.83146961
vn -0.55557023 0.0000000e+0 0.83146961
vn 0.0000000e+0 -1.00000000 0.0000000e+0
vn 0.0000000e+0 -1.00000000 0.0000000e+0
vn 0.0000000e+0 -1.00000000 0.0000000e+0
vn -0.63439329 0.0000000e+0 0.77301045
vn -0.63439329 0.0000000e+0 0.77301045
vn 0.0000000e+0 -1.00000000 0.0000000e+0
vn 0.0000000e+0 -1.00000000 0.0000000e+0
vn 0.0000000e+0 -1.00000000 0.0000000e+0
vn -0.70710678 0.0000000e+0 0.70710678
vn -0.70710678 0.0000000e+0 0.70710678
vn -0.70710678 0.0000000e+0 0.70710678
vn -0.70710678 0.0000000e+0 0.70710678
vn 0.0000000e+0 -1.00000000 0.0000000e+0
vn 0.0000000e+0 -1.00000000 0.0000000e+0
vn 0.0000000e+0 -1.00000000 0.0000000e+0
vn -0.77301045 0.0000000e+0 0.63439329
vn -0.77301045 0.0000000e+0 0.63439329
vn 0.0000000e+0 -1.00000000 0.0000000e+0
vn 0.0000000e+0 -1.00000000 0.0000000e+0
vn 0.0000000e+0 -1.00000000 0.0000000e+0
vn -0.83146961 0.0000000e+0 0.55557023
vn -0.83146961 0.0000000e+0 0.55557023
vn -0.83146961 0.0000000e+0 0.55557023
vn -0.83146961 0.0000000e+0 0.55557023
vn 0.0000000e+0 -1.00000000 0.0000000e+0
vn 0.0000000e+0 -1.00000000 0.0000000e+0
vn 0.0000000e+0 -1.00000000 0.0000000e+0
vn -0.88192125 0.0000000e+0 0.47139676
vn -0.88192125 0.0000000e+0 0.47139676
vn 0.0000000e+0 -1.00000000 0.0000000e+0
vn 0.0000000e+0 -1.00000000 0.0000000e+0
vn 0.0000000e+0 -1.00000000 0.0000000e+0
vn -0.92387953 0.0000000e+0 0.38268344
vn -0.92387953 0.0000000e+0 0.38268344
vn -0.92387953 0.0000000e+0 0.38268344
vn -0.92387953 0.0000000e+0 0.38268344
vn 0.0000000e+0 -1.00000000 0.0000000e+0
vn 0.0000000e+0 -1.00000000 0.0000000e+0
vn 0.0000000e+0 -1.00000000 0.0000000e+0
vn -0.95694033 0.0000000e+0 0.29028468
vn -0.95694033 0.0000000e+0 0.29028468
vn 0.0000000e+0 -1.00000000 0.0000000e+0
vn 0.0000000e+0 -1.00000000 0.0000000e+0
vn 0.0000000e+0 -1.00000000 0.0000000e+0
vn -0.98078528 0.0000000e+0 0.19509032
vn -0.98078528 0.0000000e+0 0.19509032
vn -0.98078528 0.0000000e+0 0.19509032
vn -0.98078528 0.0000000e+0 0.19509032
vn 0.0000000e+0 -1.00000000 0.0000000e+0
vn 0.0000000e+0 -1.00000000 0.0000000e+0
vn -0.99518473 0.0000000e+0 9.8017118e-2
vn -0.99518473 0.0000000e+0 9.8017118e-2
vn 0.0000000e+0 -1.00000000 0.0000000e+0
vn -1.00000000 0.0000000e+0 6.2525360e-17
vn -1.00000000 0.0000000e+0 6.2525360e-17
vn -1.00000000 0.0000000e+0 6.2525360e-17
vn -1.00000000 0.0000000e+0 6.2525360e-17
vn 0.0000000e+0 -1.00000000 0.0000000e+0
vn 0.0000000e+0 -1.00000000 0.0000000e+0
vn 0.0000000e+0 -1.00000000 0.0000000e+0
vn -0.99518473 0.0000000e+0 -9.8017118e-2
vn -0.99518473 0.0000000e+0 -9.8017118e-2
vn 0.0000000e+0 -1.00000000 0.0000000e+0
vn 0.0000000e+0 -1.00000000 0.0000000e+0
vn 0.0000000e+0 -1.00000000 0.0000000e+0
vn -0.98078528 0.0000000e+0 -0.19509032
vn -0.98078528 0.0000000e+0 -0.19509032
vn -0.98078528 0.0000000e+0 -0.19509032
vn -0.98078528 0.0000000e+0 -0.19509032
vn 0.0000000e+0 -1.00000000 0.0000000e+0
vn 0.0000000e+0 -1.00000000 0.0000000e+0
vn 0.0000000e+0 -1.00000000 0.0000000e+0
vn -0.95694033 0.0000000e+0 -0.29028468
vn -0.95694033 0.0000000e+0 -0.29028468
vn 0.0000000e+0 -1.00000000 0.0000000e+0
vn 0.0000000e+0 -1.00000000 0.0000000e+0
vn 0.0000000e+0 -1.00000000 0.0000000e+0
vn -0.92387953 0.0000000e+0 -0.38268344
vn -0.92387953 0.0000000e+0 -0.38268344
vn -0.92387953 0.0000000e+0 -0.38268344
vn -0.92387953 0.0000000e+0 -0.38268344
vn 0.0000000e+0 -1.00000000 0.0000000e+0
vn 0.0000000e+0 -1.00000000 0.0000000e+0
vn 0.0000000e+0 -1.00000000 0.0000000e+0
vn -0.88192125 0.0000000e+0 -0.47139676
vn -0.88192125 0.0000000e+0 -0.47139676
vn 0.0000000e+0 -1.00000000 0.0000000e+0
vn 0.0000000e+0 -1.00000000 0.0000000e+0
vn 0.0000000e+0 -1.00000000 0.0000000e+0
vn -0.83146961 0.0000000e+0 -0.55557023
vn -0.83146961 0.0000000e+0 -0.55557023
vn -0.83146961 0.0000000e+0 -0.55557023
vn -0.83146961 0.0000000e+0 -0.55557023
vn 0.0000000e+0 -1.00000000 0.0000000e+0
vn 0.0000000e+0 -1.00000000 0.0000000e+0
vn 0.0000000e+0 -1.00000000 0.0000000e+0
vn -0.77301045 0.0000000e+0 -0.63439329
vn -0.77301045 0.0000000e+0 -0.63439329
vn 0.0000000e+0 -1.00000000 0.0000000e+0
vn 0.0000000e+0 -1.00000000 0.0000000e+0
vn 0.0000000e+0 -1.00000000 0.0000000e+0
vn -0.70710678 0.0000000e+0 -0.70710678
vn -0.70710678 0.0000000e+0 -0.70710678
vn -0.70710678 0.0000000e+0 -0.70710678
vn -0.70710678 0.0000000e+0 -0.70710678
vn 0.0000000e+0 -1.00000000 0.0000000e+0
vn 0.0000000e+0 -1.00000000 0.0000000e+0
vn 0.0000000e+0 -1.00000000 0.0000000e+0
vn -0.63439329 0.0000000e+0 -0.77301045
vn -0.63439329 0.0000000e+0 -0.77301045
vn 0.0000000e+0 -1.00000000 0.0000000e+0
vn 0.0000000e+0 -1.00000000 0.0000000e+0
vn 0.0000000e+0 -1.00000000 0.0000000e+0
vn -0.55557023 0.0000000e+0 -0.83146961
vn -0.55557023 0.0000000e+0 -0.83146961
vn -0.55557023 0.0000000e+0 -0.83146961
vn -0.55557023 0.0000000e+0 -0.83146961
vn 0.0000000e+0 -1.00000000 0.0000000e+0
vn 0.0000000e+0 -1.00000000 0.0000000e+0
vn 0.0000000e+0 -1.00000000 0.0000000e+0
vn -0.47139676 0.0000000e+0 -0.88192125
vn -0.47139676 0.0000000e+0 -0.88192125
vn 0.0000000e+0 -1.00000000 0.0000000e+0
vn 0.0000000e+0 -1.00000000 0.0000000e+0
vn 0.0000000e+0 -1.00000000 0.0000000e+0
vn -0.38268344 0.0000000e+0 -0.92387953
vn -0.38268344 0.0000000e+0 -0.92387953
vn -0.38268344 0.0000000e+0 -0.92387953
vn -0.38268344 0.0000000e+0 -0.92387953
vn 0.0000000e+0 -1.00000000 0.0000000e+0
vn 0.0000000e+0 -1.00000000 0.0000000e+0
vn 0.0000000e+0 -1.00000000 0.0000000e+0
vn -0.29028468 0.0000000e+0 -0.95694033
vn -0.29028468 0.0000000e+0 -0.95694033
vn 0.0000000e+0 -1.00000000 0.0000000e+0
vn 0.0000000e+0 -1.00000000 0.0000000e+0
vn 0.0000000e+0 -1.00000000 0.0000000e+0
vn -0.19509032 0.0000000e+0 -0.98078528
vn -0.19509032 0.0000000e+0 -0.98078528
vn -0.19509032 0.0000000e+0 -0.98078528
vn -0.19509032 0.0000000e+0 -0.98078528
vn 0.0000000e+0 -1.00000000 -5.2439006e-18
vn 0.0000000e+0 -1.00000000 -5.2439006e-18
vn 0.0000000e+0 -1.00000000 -5.2439006e-18
vn -9.8017118e-2 0.0000000e+0 -0.99518473
vn -9.8017118e-2 0.0000000e+0 -0.99518473
vn 0.0000000e+0 -1.00000000 -6.1629758e-33
vn 0.0000000e+0 -1.00000000 -6.1629758e-33
vn 0.0000000e+0 -1.00000000 -6.1629758e-33
vn -9.2051224e-17 0.0000000e+0 -1.00000000
vn -9.2051224e-17 0.0000000e+0 -1.00000000
vn -9.3788040e-17 0.0000000e+0 -1.00000000
vn -9.3788040e-17 0.0000000e+0 -1.00000000
vn 0.0000000e+0 -1.00000000 0.0000000e+0
vn 0.0000000e+0 -1.00000000 0.0000000e+0
vn 0.0000000e+0 -1.00000000 0.0000000e+0
vn 9.8017118e-2 0.0000000e+0 -0.99518473
vn 9.8017118e-2 0.0000000e+0 -0.99518473
vn 0.0000000e+0 -1.00000000 0.0000000e+0
vn 0.0000000e+0 -1.00000000 0.0000000e+0
vn 0.0000000e+0 -1.00000000 0.0000000e+0
vn 0.19509032 0.0000000e+0 -0.98078528
vn 0.19509032 0.0000000e+0 -0.98078528
vn 0.19509032 0.0000000e+0 -0.98078528
vn 0.19509032 0.0000000e+0 -0.98078528
vn 0.0000000e+0 -1.00000000 0.0000000e+0
vn 0.0000000e+0 -1.00000000 0.0000000e+0
vn 0.0000000e+0 -1.00000000 0.0000000e+0
vn 0.29028468 0.0000000e+0 -0.95694033
vn 0.29028468 0.0000000e+0 -0.95694033
vn 0.0000000e+0 -1.00000000 0.0000000e+0
vn 0.0000000e+0 -1.00000000 0.0000000e+0
vn 0.0000000e+0 -1.00000000 0.0000000e+0
vn 0.38268344 0.0000000e+0 -0.92387953
vn 0.38268344 0.0000000e+0 -0.92387953
vn 0.38268344 0.0000000e+0 -0.92387953
vn 0.38268344 0.0000000e+0 -0.92387953
vn 0.0000000e+0 -1.00000000 0.0000000e+0
vn 0.0000000e+0 -1.00000000 0.0000000e+0
vn 0.0000000e+0 -1.00000000 0.0000000e+0
vn 0.47139676 0.0000000e+0 -0.88192125
vn 0.47139676 0.0000000e+0 -0.88192125
vn 0.0000000e+0 -1.00000000 0.0000000e+0
vn 0.0000000e+0 -1.00000000 0.0000000e+0
vn 0.0000000e+0 -1.00000000 0.0000000e+0
vn 0.55557023 0.0000000e+0 -0.83146961
vn 0.55557023 0.0000000e+0 -0.83146961
vn 0.55557023 0.0000000e+0 -0.83146961
vn 0.55557023 0.0000000e+0 -0.83146961
vn 0.0000000e+0 -1.00000000 0.0000000e+0
vn 0.0000000e+0 -1.00000000 0.0000000e+0
vn 0.0000000e+0 -1.00000000 0.0000000e+0
vn 0.63439329 0.0000000e+0 -0.77301045
vn 0.63439329 0.0000000e+0 -0.77301045
vn 0.0000000e+0 -1.00000000 0.0000000e+0
vn 0.0000000e+0 -1.00000000 0.0000000e+0
vn 0.0000000e+0 -1.00000000 0.0000000e+0
vn 0.70710678 0.0000000e+0 -0.70710678
vn 0.70710678 0.0000000e+0 -0.70710678
vn 0.70710678 0.0000000e+0 -0.70710678
vn 0.70710678 0.0000000e+0 -0.70710678
vn 0.0000000e+0 -1.00000000 0.0000000e+0
vn 0.0000000e+0 -1.00000000 0.0000000e+0
vn 0.0000000e+0 -1.00000000 0.0000000e+0
vn 0.77301045 0.0000000e+0 -0.63439329
vn 0.77301045 0.0000000e+0 -0.63439329
vn 0.0000000e+0 -1.00000000 0.0000000e+0
vn 0.0000000e+0 -1.00000000 0.0000000e+0
vn 0.0000000e+0 -1.00000000 0.0000000e+0
vn 0.83146961 0.0000000e+0 -0.55557023
vn 0.83146961 0.0000000e+0 -0.55557023
vn 0.83146961 0.0000000e+0 -0.55557023
vn 0.83146961 0.0000000e+0 -0.55557023
vn 0.0000000e+0 -1.00000000 0.0000000e+0
vn 0.0000000e+0 -1.00000000 0.0000000e+0
vn 0.0000000e+0 -1.00000000 0.0000000e+0
vn 0.88192125 0.0000000e+0 -0.47139676
vn 0.88192125 0.0000000e+0 -0.47139676
vn 0.0000000e+0 -1.00000000 0.0000000e+0
vn 0.0000000e+0 -1.00000000 0.0000000e+0
vn 0.0000000e+0 -1.00000000 0.0000000e+0
vn 0.92387953 0.0000000e+0 -0.38268344
vn 0.92387953 0.0000000e+0 -0.38268344
vn 0.92387953 0.0000000e+0 -0.38268344
vn 0.92387953 0.0000000e+0 -0.38268344
vn 0.0000000e+0 -1.00000000 0.0000000e+0
vn 0.0000000e+0 -1.00000000 0.0000000e+0
vn 0.0000000e+0 -1.00000000 0.0000000e+0
vn 0.95694033 0.0000000e+0 -0.29028468
vn 0.95694033 0.0000000e+0 -0.29028468
vn 0.0000000e+0 -1.00000000 0.0000000e+0
vn 0.0000000e+0 -1.00000000 0.0000000e+0
vn 0.0000000e+0 -1.00000000 0.0000000e+0
vn 0.98078528 0.0000000e+0 -0.19509032
vn 0.98078528 0.0000000e+0 -0.19509032
vn 0.98078528 0.0000000e+0 -0.19509032
vn 0.98078528 0.0000000e+0 -0.19509032
vn 0.0000000e+0 -1.00000000 0.0000000e+0
vn 0.0000000e+0 -1.00000000 0.0000000e+0
vn 0.99518473 0.0000000e+0 -9.8017118e-2
vn 0.99518473 0.0000000e+0 -9.8017118e-2
g Cylinder1_Cylinder1_auv
usemtl Cylinder1_auv
s 1
f 1/128/1 64/127/372 2/126/4
f 2/126/5 64/127/373 3/124/10
f 3/124/11 63/125/367 4/122/15
f 3/124/12 64/127/374 63/125/369
f 4/122/16 62/123/360 5/120/22
f 4/122/17 63/125/368 62/123/362
f 5/120/23 61/121/355 6/118/27
f 5/120/24 62/123/361 61/121/357
f 6/118/28 60/119/348 7/116/34
f 6/118/29 61/121/356 60/119/350
f 7/116/35 59/117/343 8/114/39
f 7/116/36 60/119/349 59/117/345
f 8/114/40 58/115/336 9/112/46
f 8/114/41 59/117/344 58/115/338
f 9/112/47 57/113/331 10/105/51
f 9/112/48 58/115/337 57/113/333
f 10/105/52 56/106/324 11/99/58
f 10/105/53 57/113/332 56/106/326
f 11/99/59 55/100/319 12/93/63
f 11/99/60 56/106/325 55/100/321
f 12/93/64 54/94/312 13/89/70
f 12/93/65 55/100/320 54/94/314
f 13/89/71 53/90/307 14/83/75
f 13/89/72 54/94/313 53/90/309
f 14/83/76 52/84/300 15/79/82
f 14/83/77 53/90/308 52/84/302
f 15/79/83 51/80/295 16/75/87
f 15/79/84 52/84/301 51/80/297
f 16/75/88 50/76/288 17/71/94
f 16/75/89 51/80/296 50/76/290
f 17/71/95 49/72/283 18/67/99
f 17/71/96 50/76/289 49/72/285
f 18/67/100 48/68/276 19/63/106
f 18/67/101 49/72/284 48/68/278
f 19/63/107 47/64/271 20/59/111
f 19/63/108 48/68/277 47/64/273
f 20/59/112 46/60/264 21/55/118
f 20/59/113 47/64/272 46/60/266
f 21/55/119 45/56/259 22/51/123
f 21/55/120 46/60/265 45/56/261
f 22/51/124 44/52/252 23/47/130
f 22/51/125 45/56/260 44/52/254
f 23/47/131 43/48/247 24/43/135
f 23/47/132 44/52/253 43/48/249
f 24/43/136 42/44/240 25/41/142
f 24/43/137 43/48/248 42/44/242
f 25/41/143 41/42/235 26/37/147
f 25/41/144 42/44/241 41/42/237
f 26/37/148 40/38/228 27/33/154
f 26/37/149 41/42/236 40/38/230
f 27/33/155 39/34/223 28/31/159
f 27/33/156 40/38/229 39/34/225
f 28/31/160 38/32/216 29/27/166
f 28/31/161 39/34/224 38/32/218
f 29/27/167 37/28/211 30/25/171
f 29/27/168 38/32/217 37/28/213
f 30/25/172 36/26/204 31/21/178
f 30/25/173 37/28/212 36/26/206
f 31/21/179 35/22/199 32/19/183
f 31/21/180 36/26/205 35/22/201
f 32/19/184 34/20/193 33/18/190
f 32/19/185 35/22/200 34/20/194
f 66/2/384 128/3/753 65/1/379
f 67/4/389 127/5/746 66/2/385
f 68/6/396 126/7/741 67/4/390
f 69/8/401 125/9/734 68/6/397
f 70/10/408 124/11/729 69/8/402
f 71/12/413 123/13/722 70/10/409
f 72/14/420 122/15/717 71/12/414
f 73/16/425 121/17/710 72/14/421
f 74/23/432 120/24/705 73/16/426
f 75/29/437 119/30/698 74/23/433
f 76/35/444 118/36/693 75/29/438
f 77/39/449 117/40/686 76/35/445
f 78/45/456 116/46/681 77/39/450
f 79/49/461 115/50/674 78/45/457
f 80/53/468 114/54/669 79/49/462
f 81/57/473 113/58/662 80/53/469
f 82/61/480 112/62/657 81/57/474
f 83/65/485 111/66/650 82/61/481
f 84/69/492 110/70/645 83/65/486
f 85/73/497 109/74/638 84/69/493
f 86/77/504 108/78/633 85/73/498
f 87/81/509 107/82/626 86/77/505
f 88/85/516 106/86/621 87/81/510
f 89/87/521 105/88/614 88/85/517
f 90/91/528 104/92/609 89/87/522
f 91/95/533 103/96/602 90/91/529
f 92/97/540 102/98/597 91/95/534
f 93/101/545 101/102/590 92/97/541
f 94/103/552 100/104/585 93/101/546
f 95/107/557 99/108/578 94/103/553
f 96/109/564 98/110/573 95/107/558
f 97/111/568 98/110/574 96/109/565
f 98/110/575 99/108/579 95/107/559
f 99/108/580 100/104/586 94/103/554
f 100/104/587 101/102/591 93/101/547
f 101/102/592 102/98/598 92/97/542
f 102/98/599 103/96/603 91/95/535
f 103/96/604 104/92/610 90/91/530
f 104/92/611 105/88/615 89/87/523
f 105/88/616 106/86/622 88/85/518
f 106/86/623 107/82/627 87/81/511
f 107/82/628 108/78/634 86/77/506
f 108/78/635 109/74/639 85/73/499
f 109/74/640 110/70/646 84/69/494
f 110/70/647 111/66/651 83/65/487
f 111/66/652 112/62/658 82/61/482
f 112/62/659 113/58/663 81/57/475
f 113/58/664 114/54/670 80/53/470
f 114/54/671 115/50/675 79/49/463
f 115/50/676 116/46/682 78/45/458
f 116/46/683 117/40/687 77/39/451
f 117/40/688 118/36/694 76/35/446
f 118/36/695 119/30/699 75/29/439
f 119/30/700 120/24/706 74/23/434
f 120/24/707 121/17/711 73/16/427
f 121/17/712 122/15/718 72/14/422
f 122/15/719 123/13/723 71/12/415
f 123/13/724 124/11/730 70/10/410
f 124/11/731 125/9/735 69/8/403
f 125/9/736 126/7/742 68/6/398
f 126/7/743 127/5/747 67/4/391
f 127/5/748 128/3/754 66/2/386
s 2
f 1/194/2 65/193/380 64/202/375
f 2/186/6 65/193/381 1/194/3
f 2/186/9 66/185/388 65/193/383
f 2/186/7 67/177/392 66/185/387
f 3/178/13 67/177/393 2/186/8
f 4/170/18 67/177/394 3/178/14
f 4/170/21 68/169/400 67/177/395
f 4/170/19 69/161/404 68/169/399
f 5/162/25 69/161/405 4/170/20
f 6/154/30 69/161/406 5/162/26
f 6/154/33 70/153/412 69/161/407
f 6/154/31 71/145/416 70/153/411
f 7/146/37 71/145/417 6/154/32
f 8/138/42 71/145/418 7/146/38
f 8/138/45 72/137/424 71/145/419
f 8/138/43 73/129/428 72/137/423
f 9/130/49 73/129/429 8/138/44
f 10/254/54 73/261/430 9/262/50
f 10/254/57 74/253/436 73/261/431
f 10/254/55 75/245/440 74/253/435
f 11/246/61 75/245/441 10/254/56
f 12/238/66 75/245/442 11/246/62
f 12/238/69 76/237/448 75/245/443
f 12/238/67 77/229/452 76/237/447
f 13/230/73 77/229/453 12/238/68
f 14/222/78 77/229/454 13/230/74
f 14/222/81 78/221/460 77/229/455
f 14/222/79 79/213/464 78/221/459
f 15/214/85 79/213/465 14/222/80
f 16/206/90 79/213/466 15/214/86
f 16/206/93 80/205/472 79/213/467
f 16/206/91 81/197/476 80/205/471
f 17/198/97 81/197/477 16/206/92
f 18/190/102 81/197/478 17/198/98
f 18/190/105 82/189/484 81/197/479
f 18/190/103 83/181/488 82/189/483
f 19/182/109 83/181/489 18/190/104
f 20/174/114 83/181/490 19/182/110
f 20/174/117 84/173/496 83/181/491
f 20/174/115 85/165/500 84/173/495
f 21/166/121 85/165/501 20/174/116
f 22/158/126 85/165/502 21/166/122
f 22/158/129 86/157/508 85/165/503
f 22/158/127 87/149/512 86/157/507
f 23/150/133 87/149/513 22/158/128
f 24/142/138 87/149/514 23/150/134
f 24/142/141 88/141/520 87/149/515
f 24/142/139 89/133/524 88/141/519
f 25/134/145 89/133/525 24/142/140
f 26/252/150 89/259/526 25/260/146
f 26/252/153 90/251/532 89/259/527
f 26/252/151 91/243/536 90/251/531
f 27/244/157 91/243/537 26/252/152
f 28/236/162 91/243/538 27/244/158
f 28/236/165 92/235/544 91/243/539
f 28/236/163 93/227/548 92/235/543
f 29/228/169 93/227/549 28/236/164
f 30/220/174 93/227/550 29/228/170
f 30/220/177 94/219/556 93/227/551
f 30/220/175 95/211/560 94/219/555
f 31/212/181 95/211/561 30/220/176
f 32/204/186 95/211/562 31/212/182
f 32/204/189 96/203/567 95/211/563
f 32/204/187 97/195/569 96/203/566
f 33/196/191 97/195/570 32/204/188
f 34/188/195 97/195/571 33/196/192
f 34/188/198 98/187/577 97/195/572
f 34/188/196 99/179/581 98/187/576
f 35/180/202 99/179/582 34/188/197
f 36/172/207 99/179/583 35/180/203
f 36/172/210 100/171/589 99/179/584
f 36/172/208 101/163/593 100/171/588
f 37/164/214 101/163/594 36/172/209
f 38/156/219 101/163/595 37/164/215
f 38/156/222 102/155/601 101/163/596
f 38/156/220 103/147/605 102/155/600
f 39/148/226 103/147/606 38/156/221
f 40/140/231 103/147/607 39/148/227
f 40/140/234 104/139/613 103/147/608
f 40/140/232 105/131/617 104/139/612
f 41/132/238 105/131/618 40/140/233
f 42/256/243 105/263/619 41/264/239
f 42/256/246 106/255/625 105/263/620
f 42/256/244 107/247/629 106/255/624
f 43/248/250 107/247/630 42/256/245
f 44/240/255 107/247/631 43/248/251
f 44/240/258 108/239/637 107/247/632
f 44/240/256 109/231/641 108/239/636
f 45/232/262 109/231/642 44/240/257
f 46/224/267 109/231/643 45/232/263
f 46/224/270 110/223/649 109/231/644
f 46/224/268 111/215/653 110/223/648
f 47/216/274 111/215/654 46/224/269
f 48/208/279 111/215/655 47/216/275
f 48/208/282 112/207/661 111/215/656
f 48/208/280 113/199/665 112/207/660
f 49/200/286 113/199/666 48/208/281
f 50/192/291 113/199/667 49/200/287
f 50/192/294 114/191/673 113/199/668
f 50/192/292 115/183/677 114/191/672
f 51/184/298 115/183/678 50/192/293
f 52/176/303 115/183/679 51/184/299
f 52/176/306 116/175/685 115/183/680
f 52/176/304 117/167/689 116/175/684
f 53/168/310 117/167/690 52/176/305
f 54/160/315 117/167/691 53/168/311
f 54/160/318 118/159/697 117/167/692
f 54/160/316 119/151/701 118/159/696
f 55/152/322 119/151/702 54/160/317
f 56/144/327 119/151/703 55/152/323
f 56/144/330 120/143/709 119/151/704
f 56/144/328 121/135/713 120/143/708
f 57/136/334 121/135/714 56/144/329
f 58/250/339 121/257/715 57/258/335
f 58/250/342 122/249/721 121/257/716
f 58/250/340 123/241/725 122/249/720
f 59/242/346 123/241/726 58/250/341
f 60/234/351 123/241/727 59/242/347
f 60/234/354 124/233/733 123/241/728
f 60/234/352 125/225/737 124/233/732
f 61/226/358 125/225/738 60/234/353
f 62/218/363 125/225/739 61/226/359
f 62/218/366 126/217/745 125/225/740
f 62/218/364 127/209/749 126/217/744
f 63/210/370 127/209/750 62/218/365
f 64/202/377 127/209/751 63/210/371
f 64/202/378 128/201/756 127/209/752
f 65/193/382 128/201/755 64/202/376